160 330 443 113 108 438 391 403 260 248
170 330 455 126 116 445 381 404 262 239
180 329 466 138 123 451 370 405 263 228
190 328 478 151 131 458 359 405 264 218
200 327 489 164 139 464 348 405 265 207
210 325 499 176 147 469 336 405 265 196
220 323 509 189 155 475 324 404 265 185
230 321 519 202 163 480 312 403 265 174
240 318 529 215 171 485 299 401 265 163
250 315 538 228 179 489 286 398 264 151
259 312 546 240 186 492 273 396 264 140
268 308 553 252 194 495 259 393 262 128
277 304 560 264 201 498 245 389 261 116
286 300 567 276 209 500 231 386 259 104
295 295 574 288 216 502 216 381 257 92
304 290 580 300 224 504 201 376 255 80
312 285 584 311 231 504 187 371 253 68
320 279 589 322 238 505 171 365 249 55
328 273 593 333 245 505 156 359 246 43
336 267 597 344 252 505 141 353 243 31
344 261 600 355 259 504 126 346 240 19
351 254 602 365 266 503 110 339 236 7
351 254 597 368 265 494 101 338 239 2
344 261 590 361 258 487 108 345 246 9
344 261 590 361 258 487 108 345 246 9
344 261 590 361 258 487 108 345 246 9
344 261 590 361 258 487 108 345 246 9
344 261 590 361 258 487 108 345 246 9
344 261 590 361 258 487 108 345 246 9
344 261 590 361 258 487 108 345 246 9
344 261 590 361 258 487 108 345 246 9
344 261 590 361 258 487 108 345 246 9
344 261 590 361 258 487 108 345 246 9
344 261 590 361 258 487 108 345 246 9
344 261 590 361 258 487 108 345 246 9
344 261 590 361 258 487 108 345 246 9
344 261 590 361 258 487 108 345 246 9
344 261 590 361 258 487 108 345 246 9
344 261 590 361 258 487 108 345 246 9
344 261 590 361 258 487 108 345 246 9
344 261 590 361 258 487 108 345 246 9
344 261 590 361 258 487 108 345 246 9
910 330 1191 861 861 1191 401 401 258 258
920 330 1201 871 871 1201 401 401 258 258
930 330 1211 881 881 1211 401 401 258 258
940 330 1221 891 891 1221 401 401 258 258
950 330 1231 901 901 1231 401 401 258 258
960 330 1241 911 911 1241 401 401 258 258
970 330 1251 921 921 1251 401 401 258 258
980 330 1261 931 931 1261 401 401 258 258
990 330 1271 941 941 1271 401 401 258 258
990 330 1271 941 941 1271 401 401 258 258
990 330 1271 941 941 1271 401 401 258 258
990 330 1271 941 941 1271 401 401 258 258
990 330 1271 941 941 1271 401 401 258 258
890 330 1171 841 841 1171 401 401 258 258
880 330 1161 831 831 1161 401 401 258 258
870 330 1151 821 821 1151 401 401 258 258
860 330 1141 811 811 1141 401 401 258 258
850 330 1131 801 801 1131 401 401 258 258
840 330 1121 791 791 1121 401 401 258 258
830 330 1111 781 781 1111 401 401 258 258
820 330 1101 771 771 1101 401 401 258 258
810 330 1091 761 761 1091 401 401 258 258
800 330 1081 751 751 1081 401 401 258 258
790 330 1071 741 741 1071 401 401 258 258
780 330 1061 731 731 1061 401 401 258 258
770 330 1051 721 721 1051 401 401 258 258
760 330 1041 711 711 1041 401 401 258 258
750 330 1031 701 701 1031 401 401 258 258
740 330 1021 691 691 1021 401 401 258 258
730 330 1011 681 681 1011 401 401 258 258
720 330 1001 671 671 1001 401 401 258 258
710 330 991 661 661 991 401 401 258 258
700 330 981 651 651 981 401 401 258 258
690 330 971 641 641 971 401 401 258 258
680 330 961 631 631 961 401 401 258 258
670 330 951 621 621 951 401 401 258 258
660 330 941 611 611 941 401 401 258 258
650 330 931 601 601 931 401 401 258 258
640 330 921 591 591 921 401 401 258 258
630 330 911 581 581 911 401 401 258 258
620 330 901 571 571 901 401 401 258 258
610 330 891 561 561 891 401 401 258 258
600 330 881 551 551 881 401 401 258 258
590 330 871 541 541 871 401 401 258 258
580 330 861 531 531 861 401 401 258 258
570 330 851 521 521 851 401 401 258 258
560 330 841 511 511 841 401 401 258 258
550 330 831 501 501 831 401 401 258 258
540 330 821 491 491 821 401 401 258 258
530 330 811 481 481 811 401 401 258 258
520 330 801 471 471 801 401 401 258 258
510 330 791 461 461 791 401 401 258 258
500 330 781 451 451 781 401 401 258 258
490 330 771 441 441 771 401 401 258 258
480 330 761 431 431 761 401 401 258 258
470 330 751 421 421 751 401 401 258 258
460 330 741 411 411 741 401 401 258 258
450 330 731 401 401 731 401 401 258 258
440 330 721 391 391 721 401 401 258 258
890 330 1171 841 841 1171 401 401 258 258
880 330 1161 831 831 1161 401 401 258 258
870 330 1151 821 821 1151 401 401 258 258
860 330 1141 811 811 1141 401 401 258 258
850 330 1131 801 801 1131 401 401 258 258
840 330 1121 791 791 1121 401 401 258 258
830 330 1111 781 781 1111 401 401 258 258
820 330 1101 771 771 1101 401 401 258 258
810 330 1091 761 761 1091 401 401 258 258
800 330 1081 751 751 1081 401 401 258 258
790 330 1071 741 741 1071 401 401 258 258
780 330 1061 731 731 1061 401 401 258 258
770 330 1051 721 721 1051 401 401 258 258
760 330 1041 711 711 1041 401 401 258 258
750 330 1031 701 701 1031 401 401 258 258
740 330 1021 691 691 1021 401 401 258 258
730 330 1011 681 681 1011 401 401 258 258
720 330 1001 671 671 1001 401 401 258 258
710 330 991 661 661 991 401 401 258 258
700 330 981 651 651 981 401 401 258 258
690 330 971 641 641 971 401 401 258 258
680 330 961 631 631 961 401 401 258 258
670 330 951 621 621 951 401 401 258 258
660 330 941 611 611 941 401 401 258 258
650 330 931 601 601 931 401 401 258 258
640 330 921 591 591 921 401 401 258 258
630 330 911 581 581 911 401 401 258 258
620 330 901 571 571 901 401 401 258 258
610 330 891 561 561 891 401 401 258 258
600 330 881 551 551 881 401 401 258 258
590 330 871 541 541 871 401 401 258 258
580 330 861 531 531 861 401 401 258 258
570 330 851 521 521 851 401 401 258 258
560 330 841 511 511 841 401 401 258 258
550 330 831 501 501 831 401 401 258 258
540 330 821 491 491 821 401 401 258 258
530 330 811 481 481 811 401 401 258 258
520 330 801 471 471 801 401 401 258 258
510 330 791 461 461 791 401 401 258 258
500 330 781 451 451 781 401 401 258 258
890 330 1171 841 841 1171 401 401 258 258
880 330 1161 831 831 1161 401 401 258 258
870 330 1151 821 821 1151 401 401 258 258
890 330 1171 841 841 1171 401 401 258 258
880 330 1161 831 831 1161 401 401 258 258
870 330 1151 821 821 1151 401 401 258 258
860 330 1141 811 811 1141 401 401 258 258
850 330 1131 801 801 1131 401 401 258 258
840 330 1121 791 791 1121 401 401 258 258
830 330 1111 781 781 1111 401 401 258 258
820 330 1101 771 771 1101 401 401 258 258
810 330 1091 761 761 1091 401 401 258 258
800 330 1081 751 751 1081 401 401 258 258
790 330 1071 741 741 1071 401 401 258 258
780 330 1061 731 731 1061 401 401 258 258
770 330 1051 721 721 1051 401 401 258 258
760 330 1041 711 711 1041 401 401 258 258
750 330 1031 701 701 1031 401 401 258 258
740 330 1021 691 691 1021 401 401 258 258
730 330 1011 681 681 1011 401 401 258 258
720 330 1001 671 671 1001 401 401 258 258
710 330 991 661 661 991 401 401 258 258
700 330 981 651 651 981 401 401 258 258
690 330 971 641 641 971 401 401 258 258
680 330 961 631 631 961 401 401 258 258
670 330 951 621 621 951 401 401 258 258
660 330 941 611 611 941 401 401 258 258
650 330 931 601 601 931 401 401 258 258
640 330 921 591 591 921 401 401 258 258
630 330 911 581 581 911 401 401 258 258
620 330 901 571 571 901 401 401 258 258
610 330 891 561 561 891 401 401 258 258
600 330 881 551 551 881 401 401 258 258
590 330 871 541 541 871 401 401 258 258
580 330 861 531 531 861 401 401 258 258
570 330 851 521 521 851 401 401 258 258
890 330 1171 841 841 1171 401 401 258 258
880 330 1161 831 831 1161 401 401 258 258
870 330 1151 821 821 1151 401 401 258 258
860 330 1141 811 811 1141 401 401 258 258
850 330 1131 801 801 1131 401 401 258 258
840 330 1121 791 791 1121 401 401 258 258
830 330 1111 781 781 1111 401 401 258 258
820 330 1101 771 771 1101 401 401 258 258
810 330 1091 761 761 1091 401 401 258 258
800 330 1081 751 751 1081 401 401 258 258
790 330 1071 741 741 1071 401 401 258 258
780 330 1061 731 731 1061 401 401 258 258
770 330 1051 721 721 1051 401 401 258 258
760 330 1041 711 711 1041 401 401 258 258
750 330 1031 701 701 1031 401 401 258 258
740 330 1021 691 691 1021 401 401 258 258
730 330 1011 681 681 1011 401 401 258 258
720 330 1001 671 671 1001 401 401 258 258
710 330 991 661 661 991 401 401 258 258
700 330 981 651 651 981 401 401 258 258
690 330 971 641 641 971 401 401 258 258
680 330 961 631 631 961 401 401 258 258
670 330 951 621 621 951 401 401 258 258
660 330 941 611 611 941 401 401 258 258
650 330 931 601 601 931 401 401 258 258
640 330 921 591 591 921 401 401 258 258
630 330 911 581 581 911 401 401 258 258
620 330 901 571 571 901 401 401 258 258
610 330 891 561 561 891 401 401 258 258
600 330 881 551 551 881 401 401 258 258
590 330 871 541 541 871 401 401 258 258
580 330 861 531 531 861 401 401 258 258
570 330 851 521 521 851 401 401 258 258
560 330 841 511 511 841 401 401 258 258
550 330 831 501 501 831 401 401 258 258
540 330 821 491 491 821 401 401 258 258
530 330 811 481 481 811 401 401 258 258
520 330 801 471 471 801 401 401 258 258
510 330 791 461 461 791 401 401 258 258
500 330 781 451 451 781 401 401 258 258
490 330 771 441 441 771 401 401 258 258
480 330 761 431 431 761 401 401 258 258
470 330 751 421 421 751 401 401 258 258
460 330 741 411 411 741 401 401 258 258
450 330 731 401 401 731 401 401 258 258
440 330 721 391 391 721 401 401 258 258
430 330 711 381 381 711 401 401 258 258
420 330 701 371 371 701 401 401 258 258
410 330 691 361 361 691 401 401 258 258
400 330 681 351 351 681 401 401 258 258
390 330 671 341 341 671 401 401 258 258
400 330 681 351 351 681 401 401 258 258
410 330 691 361 361 691 401 401 258 258
420 330 701 371 371 701 401 401 258 258
430 330 711 381 381 711 401 401 258 258
440 330 721 391 391 721 401 401 258 258
450 330 731 401 401 731 401 401 258 258
460 330 741 411 411 741 401 401 258 258
470 330 751 421 421 751 401 401 258 258
480 330 761 431 431 761 401 401 258 258
490 330 771 441 441 771 401 401 258 258
500 330 781 451 451 781 401 401 258 258
510 330 791 461 461 791 401 401 258 258
520 330 801 471 471 801 401 401 258 258
530 330 811 481 481 811 401 401 258 258
540 330 821 491 491 821 401 401 258 258
550 330 831 501 501 831 401 401 258 258
560 330 841 511 511 841 401 401 258 258
570 330 851 521 521 851 401 401 258 258
580 330 856 527 534 864 416 398 256 273
590 331 863 534 547 876 428 397 255 285
600 332 866 540 562 888 445 395 253 304
610 334 869 547 577 899 462 393 253 322
620 336 872 554 591 909 477 392 254 339
630 339 876 561 604 919 492 392 256 356
620 336 872 553 591 909 478 392 254 340
610 333 868 546 577 899 463 392 252 324
600 331 864 539 563 889 448 393 252 307
590 329 861 533 549 877 432 394 252 290
580 328 856 527 534 864 414 396 253 271
570 327 849 519 522 852 402 397 254 259
560 327 843 513 508 838 387 400 257 244
550 327 833 503 498 828 387 400 257 244
560 327 843 513 508 838 387 400 257 244
570 327 853 523 518 848 387 400 257 244
580 327 859 529 532 862 402 397 254 259
590 327 866 537 544 874 413 395 252 270
600 328 870 542 559 887 431 393 251 289
610 329 874 549 574 899 448 390 249 308
620 331 877 555 588 909 464 389 250 325
630 333 880 563 602 919 479 388 250 342
620 330 876 555 589 909 465 388 249 325
610 328 872 548 575 899 450 389 248 309
600 326 869 541 560 888 434 390 248 292
590 325 864 535 546 875 417 392 250 274
580 324 860 530 531 861 398 394 251 255
570 324 852 522 519 848 387 396 253 244
560 324 845 516 505 834 372 399 256 230
550 325 835 506 495 824 373 400 257 231
560 324 845 516 505 834 372 399 256 230
570 323 855 526 515 844 371 398 255 229
580 322 865 536 525 854 370 397 254 228
590 321 875 546 535 864 369 396 253 227
600 320 885 556 545 874 368 395 252 226
610 319 895 566 555 884 367 394 251 225
620 318 905 576 565 894 366 393 250 224
630 317 915 586 575 904 365 392 249 223
640 316 925 596 585 914 364 391 248 222
650 315 935 606 595 924 363 390 247 221
660 314 945 616 605 934 362 389 246 220
670 313 955 626 615 944 361 388 245 219
680 312 965 636 625 954 360 387 244 218
690 311 975 646 635 964 359 386 243 217
700 310 985 656 645 974 358 385 242 216
710 309 995 666 655 984 357 384 241 215
720 308 1005 676 665 994 356 383 240 214
730 307 1015 686 675 1004 355 382 239 213
740 306 1025 696 685 1014 354 381 238 212
750 305 1035 706 695 1024 353 380 237 211
760 304 1045 716 705 1034 352 379 236 210
770 303 1055 726 715 1044 351 378 235 209
780 302 1065 736 725 1054 350 377 234 208
790 301 1075 746 735 1064 349 376 233 207
800 300 1085 756 745 1074 348 375 232 206
810 299 1095 766 755 1084 347 374 231 205
820 298 1105 776 765 1094 346 373 230 204
830 297 1115 786 775 1104 345 372 229 203
840 296 1125 796 785 1114 344 371 228 202
850 295 1135 806 795 1124 343 370 227 201
860 294 1145 816 805 1134 342 369 226 200
870 293 1155 826 815 1144 341 368 225 199
880 292 1165 836 825 1154 340 367 224 198
890 291 1175 846 835 1164 339 366 223 197
900 290 1185 856 845 1174 338 365 222 196
890 330 1171 841 841 1171 401 401 258 258
880 330 1161 831 831 1161 401 401 258 258
870 330 1151 821 821 1151 401 401 258 258
860 330 1141 811 811 1141 401 401 258 258
850 330 1131 801 801 1131 401 401 258 258
840 330 1121 791 791 1121 401 401 258 258
830 330 1111 781 781 1111 401 401 258 258
820 330 1101 771 771 1101 401 401 258 258
810 330 1091 761 761 1091 401 401 258 258
800 330 1081 751 751 1081 401 401 258 258
790 330 1071 741 741 1071 401 401 258 258
780 330 1061 731 731 1061 401 401 258 258
770 330 1051 721 721 1051 401 401 258 258
760 330 1041 711 711 1041 401 401 258 258
750 330 1031 701 701 1031 401 401 258 258
740 330 1021 691 691 1021 401 401 258 258
730 330 1011 681 681 1011 401 401 258 258
720 330 1001 671 671 1001 401 401 258 258
710 330 991 661 661 991 401 401 258 258
700 330 981 651 651 981 401 401 258 258
690 330 971 641 641 971 401 401 258 258
680 330 961 631 631 961 401 401 258 258
670 330 951 621 621 951 401 401 258 258
660 330 941 611 611 941 401 401 258 258
650 330 931 601 601 931 401 401 258 258
640 330 921 591 591 921 401 401 258 258
630 330 911 581 581 911 401 401 258 258
620 330 901 571 571 901 401 401 258 258
610 330 891 561 561 891 401 401 258 258
600 330 881 551 551 881 401 401 258 258
590 330 871 541 541 871 401 401 258 258
580 330 861 531 531 861 401 401 258 258
570 330 851 521 521 851 401 401 258 258
560 330 841 511 511 841 401 401 258 258
550 330 831 501 501 831 401 401 258 258
540 330 821 491 491 821 401 401 258 258
530 330 811 481 481 811 401 401 258 258
520 330 801 471 471 801 401 401 258 258
510 330 791 461 461 791 401 401 258 258
500 330 781 451 451 781 401 401 258 258
490 330 771 441 441 771 401 401 258 258
480 330 761 431 431 761 401 401 258 258
470 330 751 421 421 751 401 401 258 258
460 330 741 411 411 741 401 401 258 258
450 330 731 401 401 731 401 401 258 258
440 330 721 391 391 721 401 401 258 258
430 330 711 381 381 711 401 401 258 258
420 330 701 371 371 701 401 401 258 258
410 330 691 361 361 691 401 401 258 258
400 330 681 351 351 681 401 401 258 258
390 330 671 341 341 671 401 401 258 258
380 330 661 331 331 661 401 401 258 258
370 330 651 321 321 651 401 401 258 258
360 330 641 311 311 641 401 401 258 258
350 330 631 301 301 631 401 401 258 258
340 330 621 291 291 621 401 401 258 258
330 330 611 281 281 611 401 401 258 258
320 330 601 271 271 601 401 401 258 258
310 330 591 261 261 591 401 401 258 258
300 330 581 251 251 581 401 401 258 258
290 330 571 241 241 571 401 401 258 258
280 330 561 231 231 561 401 401 258 258
270 330 551 221 221 551 401 401 258 258
260 330 541 211 211 541 401 401 258 258
250 330 531 201 201 531 401 401 258 258
240 330 521 191 191 521 401 401 258 258
230 330 511 181 181 511 401 401 258 258
220 330 501 171 171 501 401 401 258 258
210 330 491 161 161 491 401 401 258 258
200 330 481 151 151 481 401 401 258 258
190 330 471 141 141 471 401 401 258 258
180 330 461 131 131 461 401 401 258 258
170 330 451 121 120 451 401 401 258 258
160 330 441 111 110 441 401 401 258 258
150 330 431 101 100 431 401 401 258 258
140 330 421 91 90 421 401 401 258 258
130 330 411 81 80 411 401 401 258 258
120 330 401 71 70 401 401 401 258 258
110 330 391 61 60 391 401 401 258 258
100 330 381 51 50 381 401 401 258 258
90 330 371 41 40 371 401 401 258 258
80 330 361 31 30 361 401 401 258 258
70 330 351 21 20 351 401 401 258 258
60 330 341 11 10 341 401 401 258 258
60 330 341 11 10 341 401 401 258 258
60 330 341 11 10 341 401 401 258 258
60 330 341 11 10 341 401 401 258 258
60 330 341 11 10 341 401 401 258 258
60 330 341 11 10 341 401 401 258 258
60 330 341 11 10 341 401 401 258 258
60 330 341 11 10 341 401 401 258 258
60 330 341 11 10 341 401 401 258 258
60 330 341 11 10 341 401 401 258 258
60 330 341 11 10 341 401 401 258 258
60 330 341 11 10 341 401 401 258 258
60 330 341 11 10 341 401 401 258 258
60 330 341 11 10 341 401 401 258 258
60 330 341 11 10 341 401 401 258 258
60 330 341 11 10 341 401 401 258 258
60 330 341 11 10 341 401 401 258 258
60 330 341 11 10 341 401 401 258 258
60 330 341 11 10 341 401 401 258 258
60 330 341 11 10 341 401 401 258 258
60 330 341 11 10 341 401 401 258 258
60 330 341 11 10 341 401 401 258 258
60 330 341 11 10 341 401 401 258 258
60 330 341 11 10 341 401 401 258 258
60 330 341 11 10 341 401 401 258 258
60 330 341 11 10 341 401 401 258 258
60 330 341 11 10 341 401 401 258 258
60 330 341 11 10 341 401 401 258 258
60 330 341 11 10 341 401 401 258 258
60 330 341 11 10 341 401 401 258 258
60 330 341 11 10 341 401 401 258 258
60 330 341 11 10 341 401 401 258 258
60 330 341 11 10 341 401 401 258 258
60 330 341 11 10 341 401 401 258 258
60 330 341 11 10 341 401 401 258 258
60 330 341 11 10 341 401 401 258 258
60 330 341 11 10 341 401 401 258 258
60 330 341 11 10 341 401 401 258 258
60 330 341 11 10 341 401 401 258 258
60 330 341 11 10 341 401 401 258 258
60 330 341 11 10 341 401 401 258 258
60 330 341 11 10 341 401 401 258 258
60 330 341 11 10 341 401 401 258 258
60 330 341 11 10 341 401 401 258 258
60 330 341 11 10 341 401 401 258 258
60 330 341 11 10 341 401 401 258 258
60 330 341 11 10 341 401 401 258 258
60 330 341 11 10 341 401 401 258 258
60 330 341 11 10 341 401 401 258 258
60 330 341 11 10 341 401 401 258 258
60 330 341 11 10 341 401 401 258 258
60 330 341 11 10 341 401 401 258 258
60 330 341 11 10 341 401 401 258 258
60 330 341 11 10 341 401 401 258 258
60 330 341 11 10 341 401 401 258 258
60 330 341 11 10 341 401 401 258 258
60 330 341 11 10 341 401 401 258 258
60 330 341 11 10 341 401 401 258 258
60 330 341 11 10 341 401 401 258 258
60 330 341 11 10 341 401 401 258 258
60 330 341 11 10 341 401 401 258 258
60 330 341 11 10 341 401 401 258 258
60 330 341 11 10 341 401 401 258 258
60 330 341 11 10 341 401 401 258 258
60 330 341 11 10 341 401 401 258 258
60 330 341 11 10 341 401 401 258 258
60 330 341 11 10 341 401 401 258 258
60 330 341 11 10 341 401 401 258 258
60 330 341 11 10 341 401 401 258 258
60 330 341 11 10 341 401 401 258 258
60 330 341 11 10 341 401 401 258 258
60 330 341 11 10 341 401 401 258 258
60 330 341 11 10 341 401 401 258 258
60 330 341 11 10 341 401 401 258 258
60 330 341 11 10 341 401 401 258 258
60 330 341 11 10 341 401 401 258 258
60 330 341 11 10 341 401 401 258 258
60 330 341 11 10 341 401 401 258 258
60 330 341 11 10 341 401 401 258 258
60 330 341 11 10 341 401 401 258 258
60 330 341 11 10 341 401 401 258 258
60 330 341 11 10 341 401 401 258 258
60 330 341 11 10 341 401 401 258 258
60 330 341 11 10 341 401 401 258 258
60 330 341 11 10 341 401 401 258 258
60 330 341 11 10 341 401 401 258 258
60 330 341 11 10 341 401 401 258 258
60 330 341 11 10 341 401 401 258 258
60 330 341 11 10 341 401 401 258 258
60 330 341 11 10 341 401 401 258 258
60 330 341 11 10 341 401 401 258 258
60 330 341 11 10 341 401 401 258 258
60 330 341 11 10 341 401 401 258 258
60 330 341 11 10 341 401 401 258 258
60 330 341 11 10 341 401 401 258 258
60 330 341 11 10 341 401 401 258 258
60 330 341 11 10 341 401 401 258 258
60 330 341 11 10 341 401 401 258 258
60 330 341 11 10 341 401 401 258 258
60 330 341 11 10 341 401 401 258 258
60 330 341 11 10 341 401 401 258 258
60 330 341 11 10 341 401 401 258 258
60 330 341 11 10 341 401 401 258 258
60 330 341 11 10 341 401 401 258 258
60 330 341 11 10 341 401 401 258 258
60 330 341 11 10 341 401 401 258 258
60 330 341 11 10 341 401 401 258 258
60 330 341 11 10 341 401 401 258 258
60 330 341 11 10 341 401 401 258 258
60 330 341 11 10 341 401 401 258 258
60 330 341 11 10 341 401 401 258 258
60 330 341 11 10 341 401 401 258 258
60 330 341 11 10 341 401 401 258 258
60 330 341 11 10 341 401 401 258 258
60 330 341 11 10 341 401 401 258 258
60 330 341 11 10 341 401 401 258 258
60 330 341 11 10 341 401 401 258 258
60 330 341 11 10 341 401 401 258 258
60 330 341 11 10 341 401 401 258 258
60 330 341 11 10 341 401 401 258 258
60 330 341 11 10 341 401 401 258 258
60 330 341 11 10 341 401 401 258 258
60 330 341 11 10 341 401 401 258 258
60 330 341 11 10 341 401 401 258 258
60 330 341 11 10 341 401 401 258 258
60 330 341 11 10 341 401 401 258 258
890 330 1171 841 841 1171 401 401 258 258
880 330 1161 831 831 1161 401 401 258 258
870 330 1151 821 821 1151 401 401 258 258
860 330 1141 811 811 1141 401 401 258 258
890 330 1171 841 841 1171 401 401 258 258
880 330 1161 831 831 1161 401 401 258 258
870 330 1151 821 821 1151 401 401 258 258
860 330 1141 811 811 1141 401 401 258 258
850 330 1131 801 801 1131 401 401 258 258
840 330 1121 791 791 1121 401 401 258 258
830 330 1111 781 781 1111 401 401 258 258
820 330 1101 771 771 1101 401 401 258 258
810 330 1091 761 761 1091 401 401 258 258
800 330 1081 751 751 1081 401 401 258 258
790 330 1071 741 741 1071 401 401 258 258
780 330 1061 731 731 1061 401 401 258 258
770 330 1051 721 721 1051 401 401 258 258
760 330 1041 711 711 1041 401 401 258 258
750 330 1031 701 701 1031 401 401 258 258
740 330 1021 691 691 1021 401 401 258 258
730 330 1011 681 681 1011 401 401 258 258
720 330 1001 671 671 1001 401 401 258 258
710 330 991 661 661 991 401 401 258 258
700 330 981 651 651 981 401 401 258 258
690 330 971 641 641 971 401 401 258 258
680 330 961 631 631 961 401 401 258 258
670 330 951 621 621 951 401 401 258 258
660 330 941 611 611 941 401 401 258 258
650 330 931 601 601 931 401 401 258 258
640 330 921 591 591 921 401 401 258 258
630 330 911 581 581 911 401 401 258 258
620 330 901 571 571 901 401 401 258 258
610 330 891 561 561 891 401 401 258 258
600 330 881 551 551 881 401 401 258 258
590 330 871 541 541 871 401 401 258 258
580 330 861 531 530 860 399 401 258 256
570 330 853 523 518 848 391 403 260 248
560 330 846 517 504 833 376 405 263 233
550 331 836 507 494 823 377 406 264 234
540 332 826 497 484 813 378 407 265 235
530 333 816 487 474 803 379 408 266 236
520 334 806 477 464 793 380 409 267 237
510 335 796 467 454 783 381 410 268 238
500 336 786 457 444 773 382 411 269 239
490 337 776 447 434 763 383 412 270 240
480 338 766 437 424 753 384 413 271 241
470 339 756 427 414 743 385 414 272 242
460 340 746 417 404 733 386 415 273 243
450 341 736 407 394 723 387 416 274 244
440 342 726 397 384 713 388 417 275 245
430 343 716 387 374 703 389 418 276 246
420 344 706 377 364 693 390 419 277 247
420 344 706 377 364 693 390 419 277 247
420 344 706 377 364 693 390 419 277 247
420 344 706 377 364 693 390 419 277 247
420 344 706 377 364 693 390 419 277 247
420 344 706 377 364 693 390 419 277 247
420 344 706 377 364 693 390 419 277 247
420 344 706 377 364 693 390 419 277 247
420 344 706 377 364 693 390 419 277 247
420 344 706 377 364 693 390 419 277 247
420 344 706 377 364 693 390 419 277 247
420 344 706 377 364 693 390 419 277 247
420 344 706 377 364 693 390 419 277 247
420 344 706 377 364 693 390 419 277 247
420 344 706 377 364 693 390 419 277 247
420 344 706 377 364 693 390 419 277 247
420 344 706 377 364 693 390 419 277 247
420 344 706 377 364 693 390 419 277 247
420 344 706 377 364 693 390 419 277 247
420 344 706 377 364 693 390 419 277 247
420 344 706 377 364 693 390 419 277 247
420 344 706 377 364 693 390 419 277 247
420 344 706 377 364 693 390 419 277 247
420 344 706 377 364 693 390 419 277 247
420 344 706 377 364 693 390 419 277 247
420 344 706 377 364 693 390 419 277 247
420 344 706 377 364 693 390 419 277 247
420 344 706 377 364 693 390 419 277 247
420 344 706 377 364 693 390 419 277 247
420 344 706 377 364 693 390 419 277 247
420 344 706 377 364 693 390 419 277 247
420 344 706 377 364 693 390 419 277 247
420 344 706 377 364 693 390 419 277 247
420 344 706 377 364 693 390 419 277 247
420 344 706 377 364 693 390 419 277 247
420 344 706 377 364 693 390 419 277 247
420 344 706 377 364 693 390 419 277 247
420 344 706 377 364 693 390 419 277 247
420 344 706 377 364 693 390 419 277 247
420 344 706 377 364 693 390 419 277 247
420 344 706 377 364 693 390 419 277 247
420 344 706 377 364 693 390 419 277 247
420 344 706 377 364 693 390 419 277 247
420 344 706 377 364 693 390 419 277 247
420 344 706 377 364 693 390 419 277 247
420 344 706 377 364 693 390 419 277 247
420 344 706 377 364 693 390 419 277 247
420 344 706 377 364 693 390 419 277 247
420 344 706 377 364 693 390 419 277 247
420 344 706 377 364 693 390 419 277 247
420 344 706 377 364 693 390 419 277 247
420 344 706 377 364 693 390 419 277 247
420 344 706 377 364 693 390 419 277 247
420 344 706 377 364 693 390 419 277 247
420 344 706 377 364 693 390 419 277 247
420 344 706 377 364 693 390 419 277 247
420 344 706 377 364 693 390 419 277 247
420 344 706 377 364 693 390 419 277 247
420 344 706 377 364 693 390 419 277 247
420 344 706 377 364 693 390 419 277 247
420 344 706 377 364 693 390 419 277 247
420 344 706 377 364 693 390 419 277 247
420 344 706 377 364 693 390 419 277 247
420 344 706 377 364 693 390 419 277 247
420 344 706 377 364 693 390 419 277 247
420 344 706 377 364 693 390 419 277 247
420 344 706 377 364 693 390 419 277 247
420 344 706 377 364 693 390 419 277 247
420 344 706 377 364 693 390 419 277 247
420 344 706 377 364 693 390 419 277 247
420 344 706 377 364 693 390 419 277 247
420 344 706 377 364 693 390 419 277 247
420 344 706 377 364 693 390 419 277 247
420 344 706 377 364 693 390 419 277 247
420 344 706 377 364 693 390 419 277 247
420 344 706 377 364 693 390 419 277 247
420 344 706 377 364 693 390 419 277 247
420 344 706 377 364 693 390 419 277 247
420 344 706 377 364 693 390 419 277 247
420 344 706 377 364 693 390 419 277 247
420 344 706 377 364 693 390 419 277 247
420 344 706 377 364 693 390 419 277 247
420 344 706 377 364 693 390 419 277 247
420 344 706 377 364 693 390 419 277 247
420 344 706 377 364 693 390 419 277 247
420 344 706 377 364 693 390 419 277 247
420 344 706 377 364 693 390 419 277 247
420 344 706 377 364 693 390 419 277 247
420 344 706 377 364 693 390 419 277 247
420 344 706 377 364 693 390 419 277 247
420 344 706 377 364 693 390 419 277 247
890 330 1171 841 841 1171 401 401 258 258
880 330 1161 831 831 1161 401 401 258 258
870 330 1151 821 821 1151 401 401 258 258
860 330 1141 811 811 1141 401 401 258 258
850 330 1131 801 801 1131 401 401 258 258
840 330 1121 791 791 1121 401 401 258 258
830 330 1111 781 781 1111 401 401 258 258
820 330 1101 771 771 1101 401 401 258 258
810 330 1091 761 761 1091 401 401 258 258
800 330 1081 751 751 1081 401 401 258 258
790 330 1071 741 741 1071 401 401 258 258
780 330 1061 731 731 1061 401 401 258 258
770 330 1051 721 721 1051 401 401 258 258
760 330 1041 711 711 1041 401 401 258 258
750 330 1031 701 701 1031 401 401 258 258
740 330 1021 691 691 1021 401 401 258 258
730 330 1011 681 681 1011 401 401 258 258
720 330 1001 671 671 1001 401 401 258 258
710 330 991 661 661 991 401 401 258 258
700 330 981 651 651 981 401 401 258 258
690 330 971 641 641 971 401 401 258 258
680 330 961 631 631 961 401 401 258 258
670 330 951 621 621 951 401 401 258 258
660 330 941 611 611 941 401 401 258 258
650 330 931 601 601 931 401 401 258 258
640 330 921 591 591 921 401 401 258 258
630 330 911 581 581 911 401 401 258 258
620 330 901 571 571 901 401 401 258 258
610 330 891 561 561 891 401 401 258 258
600 330 881 551 551 881 401 401 258 258
590 330 871 541 541 871 401 401 258 258
580 330 861 531 530 860 399 401 258 256
570 330 853 523 518 848 391 403 260 248
560 330 846 517 504 833 376 405 263 233
550 331 836 507 494 823 377 406 264 234
890 330 1171 841 841 1171 401 401 258 258
880 330 1161 831 831 1161 401 401 258 258
870 330 1151 821 821 1151 401 401 258 258
860 330 1141 811 811 1141 401 401 258 258
850 330 1131 801 801 1131 401 401 258 258
840 330 1121 791 791 1121 401 401 258 258
830 330 1111 781 781 1111 401 401 258 258
820 330 1101 771 771 1101 401 401 258 258
810 330 1091 761 761 1091 401 401 258 258
800 330 1081 751 751 1081 401 401 258 258
790 330 1071 741 741 1071 401 401 258 258
780 330 1061 731 731 1061 401 401 258 258
770 330 1051 721 721 1051 401 401 258 258
760 330 1041 711 711 1041 401 401 258 258
750 330 1031 701 701 1031 401 401 258 258
740 330 1021 691 691 1021 401 401 258 258
730 330 1011 681 681 1011 401 401 258 258
720 330 1001 671 671 1001 401 401 258 258
710 330 991 661 661 991 401 401 258 258
700 330 981 651 651 981 401 401 258 258
690 330 971 641 641 971 401 401 258 258
680 330 961 631 631 961 401 401 258 258
670 330 951 621 621 951 401 401 258 258
660 330 941 611 611 941 401 401 258 258
650 330 931 601 601 931 401 401 258 258
640 330 921 591 591 921 401 401 258 258
630 330 911 581 581 911 401 401 258 258
620 330 901 571 571 901 401 401 258 258
610 330 891 561 561 891 401 401 258 258
600 330 881 551 551 881 401 401 258 258
590 330 871 541 541 871 401 401 258 258
580 330 861 531 531 861 401 401 258 258
570 330 851 521 521 851 401 401 258 258
560 330 841 511 511 841 401 401 258 258
550 330 831 501 501 831 401 401 258 258
540 330 821 491 491 821 401 401 258 258
530 330 811 481 481 811 401 401 258 258
520 330 801 471 471 801 401 401 258 258
510 330 791 461 461 791 401 401 258 258
500 330 781 451 451 781 401 401 258 258
490 330 771 441 441 771 401 401 258 258
480 330 761 431 431 761 401 401 258 258
470 330 751 421 421 751 401 401 258 258
460 330 741 411 411 741 401 401 258 258
450 330 731 401 401 731 401 401 258 258
440 330 721 391 391 721 401 401 258 258
430 330 711 381 381 711 401 401 258 258
420 330 701 371 371 701 401 401 258 258
410 330 691 361 361 691 401 401 258 258
400 330 681 351 351 681 401 401 258 258
390 330 671 341 341 671 401 401 258 258
380 330 661 331 331 661 401 401 258 258
370 330 651 321 321 651 401 401 258 258
360 330 641 311 311 641 401 401 258 258
350 330 631 301 301 631 401 401 258 258
340 330 621 291 291 621 401 401 258 258
330 330 611 281 281 611 401 401 258 258
320 330 601 271 271 601 401 401 258 258
310 330 591 261 261 591 401 401 258 258
300 330 581 251 251 581 401 401 258 258
290 330 571 241 241 571 401 401 258 258
280 330 561 231 231 561 401 401 258 258
270 330 551 221 221 551 401 401 258 258
260 330 541 211 211 541 401 401 258 258
250 330 531 201 201 531 401 401 258 258
240 330 521 191 191 521 401 401 258 258
230 330 511 181 181 511 401 401 258 258
220 330 501 171 171 501 401 401 258 258
210 330 491 161 161 491 401 401 258 258
200 330 481 151 151 481 401 401 258 258
190 330 471 141 141 471 401 401 258 258
180 330 461 131 131 461 401 401 258 258
170 330 451 121 120 451 401 401 258 258
160 330 441 111 110 441 401 401 258 258
150 330 431 101 100 431 401 401 258 258
140 330 421 91 90 421 401 401 258 258
130 330 411 81 80 411 401 401 258 258
120 330 401 71 70 401 401 401 258 258
110 330 391 61 60 391 401 401 258 258
100 330 381 51 50 381 401 401 258 258
90 330 371 41 40 371 401 401 258 258
80 330 361 31 30 361 401 401 258 258
70 330 351 21 20 351 401 401 258 258
60 330 341 11 10 341 401 401 258 258
60 330 341 11 10 341 401 401 258 258
60 330 341 11 10 341 401 401 258 258
60 330 341 11 10 341 401 401 258 258
60 330 341 11 10 341 401 401 258 258
60 330 341 11 10 341 401 401 258 258
60 330 341 11 10 341 401 401 258 258
60 330 341 11 10 341 401 401 258 258
60 330 341 11 10 341 401 401 258 258
60 330 341 11 10 341 401 401 258 258
60 330 341 11 10 341 401 401 258 258
60 330 341 11 10 341 401 401 258 258
60 330 341 11 10 341 401 401 258 258
60 330 341 11 10 341 401 401 258 258
60 330 341 11 10 341 401 401 258 258
60 330 341 11 10 341 401 401 258 258
60 330 341 11 10 341 401 401 258 258
60 330 341 11 10 341 401 401 258 258
60 330 341 11 10 341 401 401 258 258
60 330 341 11 10 341 401 401 258 258
60 330 341 11 10 341 401 401 258 258
60 330 341 11 10 341 401 401 258 258
60 330 341 11 10 341 401 401 258 258
60 330 341 11 10 341 401 401 258 258
60 330 341 11 10 341 401 401 258 258
60 330 341 11 10 341 401 401 258 258
60 330 341 11 10 341 401 401 258 258
60 330 341 11 10 341 401 401 258 258
60 330 341 11 10 341 401 401 258 258
60 330 341 11 10 341 401 401 258 258
60 330 341 11 10 341 401 401 258 258
60 330 341 11 10 341 401 401 258 258
60 330 341 11 10 341 401 401 258 258
60 330 341 11 10 341 401 401 258 258
60 330 341 11 10 341 401 401 258 258
60 330 341 11 10 341 401 401 258 258
60 330 341 11 10 341 401 401 258 258
60 330 341 11 10 341 401 401 258 258
60 330 341 11 10 341 401 401 258 258
60 330 341 11 10 341 401 401 258 258
60 330 341 11 10 341 401 401 258 258
60 330 341 11 10 341 401 401 258 258
60 330 341 11 10 341 401 401 258 258
60 330 341 11 10 341 401 401 258 258
60 330 341 11 10 341 401 401 258 258
60 330 341 11 10 341 401 401 258 258
60 330 341 11 10 341 401 401 258 258
60 330 341 11 10 341 401 401 258 258
60 330 341 11 10 341 401 401 258 258
60 330 341 11 10 341 401 401 258 258
60 330 341 11 10 341 401 401 258 258
60 330 341 11 10 341 401 401 258 258
60 330 341 11 10 341 401 401 258 258
60 330 341 11 10 341 401 401 258 258
60 330 341 11 10 341 401 401 258 258
60 330 341 11 10 341 401 401 258 258
60 330 341 11 10 341 401 401 258 258
60 330 341 11 10 341 401 401 258 258
60 330 341 11 10 341 401 401 258 258
60 330 341 11 10 341 401 401 258 258
60 330 341 11 10 341 401 401 258 258
60 330 341 11 10 341 401 401 258 258
60 330 341 11 10 341 401 401 258 258
60 330 341 11 10 341 401 401 258 258
60 330 341 11 10 341 401 401 258 258
60 330 341 11 10 341 401 401 258 258
60 330 341 11 10 341 401 401 258 258
60 330 341 11 10 341 401 401 258 258
60 330 341 11 10 341 401 401 258 258
60 330 341 11 10 341 401 401 258 258
60 330 341 11 10 341 401 401 258 258
60 330 341 11 10 341 401 401 258 258
60 330 341 11 10 341 401 401 258 258
60 330 341 11 10 341 401 401 258 258
60 330 341 11 10 341 401 401 258 258
60 330 341 11 10 341 401 401 258 258
60 330 341 11 10 341 401 401 258 258
60 330 341 11 10 341 401 401 258 258
60 330 341 11 10 341 401 401 258 258
60 330 341 11 10 341 401 401 258 258
60 330 341 11 10 341 401 401 258 258
60 330 341 11 10 341 401 401 258 258
60 330 341 11 10 341 401 401 258 258
60 330 341 11 10 341 401 401 258 258
60 330 341 11 10 341 401 401 258 258
60 330 341 11 10 341 401 401 258 258
60 330 341 11 10 341 401 401 258 258
60 330 341 11 10 341 401 401 258 258
60 330 341 11 10 341 401 401 258 258
60 330 341 11 10 341 401 401 258 258
60 330 341 11 10 341 401 401 258 258
60 330 341 11 10 341 401 401 258 258
60 330 341 11 10 341 401 401 258 258
60 330 341 11 10 341 401 401 258 258
60 330 341 11 10 341 401 401 258 258
60 330 341 11 10 341 401 401 258 258
60 330 341 11 10 341 401 401 258 258
60 330 341 11 10 341 401 401 258 258
60 330 341 11 10 341 401 401 258 258
60 330 341 11 10 341 401 401 258 258
60 330 341 11 10 341 401 401 258 258
60 330 341 11 10 341 401 401 258 258
60 330 341 11 10 341 401 401 258 258
60 330 341 11 10 341 401 401 258 258
60 330 341 11 10 341 401 401 258 258
60 330 341 11 10 341 401 401 258 258
60 330 341 11 10 341 401 401 258 258
60 330 341 11 10 341 401 401 258 258
60 330 341 11 10 341 401 401 258 258
60 330 341 11 10 341 401 401 258 258
60 330 341 11 10 341 401 401 258 258
60 330 341 11 10 341 401 401 258 258
890 330 1171 841 841 1171 401 401 258 258
880 330 1161 831 831 1161 401 401 258 258
870 330 1151 821 821 1151 401 401 258 258
860 330 1141 811 811 1141 401 401 258 258
850 330 1131 801 801 1131 401 401 258 258
840 330 1121 791 791 1121 401 401 258 258
830 330 1111 781 781 1111 401 401 258 258
820 330 1101 771 771 1101 401 401 258 258
810 330 1091 761 761 1091 401 401 258 258
800 330 1081 751 751 1081 401 401 258 258
790 330 1071 741 741 1071 401 401 258 258
780 330 1061 731 731 1061 401 401 258 258
770 330 1051 721 721 1051 401 401 258 258
760 330 1041 711 711 1041 401 401 258 258
750 330 1031 701 701 1031 401 401 258 258
740 330 1021 691 691 1021 401 401 258 258
730 330 1011 681 681 1011 401 401 258 258
720 330 1001 671 671 1001 401 401 258 258
710 330 991 661 661 991 401 401 258 258
700 330 981 651 651 981 401 401 258 258
690 330 971 641 641 971 401 401 258 258
680 330 961 631 631 961 401 401 258 258
670 330 951 621 621 951 401 401 258 258
660 330 941 611 611 941 401 401 258 258
650 330 931 601 601 931 401 401 258 258
640 330 921 591 591 921 401 401 258 258
630 330 911 581 581 911 401 401 258 258
620 330 901 571 571 901 401 401 258 258
610 330 891 561 561 891 401 401 258 258
600 330 881 551 551 881 401 401 258 258
590 330 871 541 541 871 401 401 258 258
580 330 861 531 531 861 401 401 258 258
570 330 851 521 521 851 401 401 258 258
560 330 841 511 511 841 401 401 258 258
550 330 831 501 501 831 401 401 258 258
540 330 821 491 491 821 401 401 258 258
530 330 811 481 481 811 401 401 258 258
520 330 801 471 471 801 401 401 258 258
510 330 791 461 461 791 401 401 258 258
500 330 781 451 451 781 401 401 258 258
490 330 771 441 441 771 401 401 258 258
480 330 761 431 431 761 401 401 258 258
470 330 751 421 421 751 401 401 258 258
460 330 741 411 411 741 401 401 258 258
450 330 731 401 401 731 401 401 258 258
440 330 721 391 391 721 401 401 258 258
430 330 711 381 381 711 401 401 258 258
420 330 701 371 371 701 401 401 258 258
410 330 691 361 361 691 401 401 258 258
400 330 681 351 351 681 401 401 258 258
390 330 671 341 341 671 401 401 258 258
380 330 661 331 331 661 401 401 258 258
370 330 651 321 321 651 401 401 258 258
360 330 641 311 311 641 401 401 258 258
350 330 631 301 301 631 401 401 258 258
340 330 621 291 291 621 401 401 258 258
330 330 611 281 281 611 401 401 258 258
320 330 601 271 271 601 401 401 258 258
310 330 591 261 261 591 401 401 258 258
300 330 581 251 251 581 401 401 258 258
290 330 571 241 241 571 401 401 258 258
280 330 561 231 231 561 401 401 258 258
270 330 551 221 221 551 401 401 258 258
260 330 541 211 211 541 401 401 258 258
250 330 531 201 201 531 401 401 258 258
240 330 521 191 191 521 401 401 258 258
230 330 511 181 181 511 401 401 258 258
220 330 501 171 171 501 401 401 258 258
210 330 491 161 161 491 401 401 258 258
200 330 481 151 151 481 401 401 258 258
190 330 471 141 141 471 401 401 258 258
180 330 461 131 131 461 401 401 258 258
170 330 451 121 120 451 401 401 258 258
160 330 441 111 110 441 401 401 258 258
150 330 431 101 100 431 401 401 258 258
140 330 421 91 90 421 401 401 258 258
130 330 411 81 80 411 401 401 258 258
120 330 401 71 70 401 401 401 258 258
110 330 391 61 60 391 401 401 258 258
100 330 381 51 50 381 401 401 258 258
90 330 371 41 40 371 401 401 258 258
80 330 361 31 30 361 401 401 258 258
70 330 351 21 20 351 401 401 258 258
60 330 341 11 10 341 401 401 258 258
60 330 341 11 10 341 401 401 258 258
60 330 341 11 10 341 401 401 258 258
60 330 341 11 10 341 401 401 258 258
60 330 341 11 10 341 401 401 258 258
60 330 341 11 10 341 401 401 258 258
60 330 341 11 10 341 401 401 258 258
60 330 341 11 10 341 401 401 258 258
60 330 341 11 10 341 401 401 258 258
60 330 341 11 10 341 401 401 258 258
60 330 341 11 10 341 401 401 258 258
60 330 341 11 10 341 401 401 258 258
60 330 341 11 10 341 401 401 258 258
60 330 341 11 10 341 401 401 258 258
60 330 341 11 10 341 401 401 258 258
60 330 341 11 10 341 401 401 258 258
60 330 341 11 10 341 401 401 258 258
60 330 341 11 10 341 401 401 258 258
60 330 341 11 10 341 401 401 258 258
60 330 341 11 10 341 401 401 258 258
60 330 341 11 10 341 401 401 258 258
60 330 341 11 10 341 401 401 258 258
60 330 341 11 10 341 401 401 258 258
60 330 341 11 10 341 401 401 258 258
60 330 341 11 10 341 401 401 258 258
60 330 341 11 10 341 401 401 258 258
60 330 341 11 10 341 401 401 258 258
60 330 341 11 10 341 401 401 258 258
60 330 341 11 10 341 401 401 258 258
60 330 341 11 10 341 401 401 258 258
60 330 341 11 10 341 401 401 258 258
60 330 341 11 10 341 401 401 258 258
60 330 341 11 10 341 401 401 258 258
60 330 341 11 10 341 401 401 258 258
60 330 341 11 10 341 401 401 258 258
60 330 341 11 10 341 401 401 258 258
60 330 341 11 10 341 401 401 258 258
60 330 341 11 10 341 401 401 258 258
60 330 341 11 10 341 401 401 258 258
60 330 341 11 10 341 401 401 258 258
60 330 341 11 10 341 401 401 258 258
60 330 341 11 10 341 401 401 258 258
60 330 341 11 10 341 401 401 258 258
60 330 341 11 10 341 401 401 258 258
60 330 341 11 10 341 401 401 258 258
60 330 341 11 10 341 401 401 258 258
60 330 341 11 10 341 401 401 258 258
60 330 341 11 10 341 401 401 258 258
60 330 341 11 10 341 401 401 258 258
60 330 341 11 10 341 401 401 258 258
60 330 341 11 10 341 401 401 258 258
60 330 341 11 10 341 401 401 258 258
60 330 341 11 10 341 401 401 258 258
60 330 341 11 10 341 401 401 258 258
60 330 341 11 10 341 401 401 258 258
60 330 341 11 10 341 401 401 258 258
60 330 341 11 10 341 401 401 258 258
60 330 341 11 10 341 401 401 258 258
60 330 341 11 10 341 401 401 258 258
60 330 341 11 10 341 401 401 258 258
60 330 341 11 10 341 401 401 258 258
60 330 341 11 10 341 401 401 258 258
60 330 341 11 10 341 401 401 258 258
60 330 341 11 10 341 401 401 258 258
60 330 341 11 10 341 401 401 258 258
60 330 341 11 10 341 401 401 258 258
60 330 341 11 10 341 401 401 258 258
60 330 341 11 10 341 401 401 258 258
60 330 341 11 10 341 401 401 258 258
60 330 341 11 10 341 401 401 258 258
60 330 341 11 10 341 401 401 258 258
60 330 341 11 10 341 401 401 258 258
60 330 341 11 10 341 401 401 258 258
60 330 341 11 10 341 401 401 258 258
60 330 341 11 10 341 401 401 258 258
60 330 341 11 10 341 401 401 258 258
60 330 341 11 10 341 401 401 258 258
60 330 341 11 10 341 401 401 258 258
60 330 341 11 10 341 401 401 258 258
60 330 341 11 10 341 401 401 258 258
60 330 341 11 10 341 401 401 258 258
60 330 341 11 10 341 401 401 258 258
60 330 341 11 10 341 401 401 258 258
60 330 341 11 10 341 401 401 258 258
60 330 341 11 10 341 401 401 258 258
60 330 341 11 10 341 401 401 258 258
60 330 341 11 10 341 401 401 258 258
60 330 341 11 10 341 401 401 258 258
60 330 341 11 10 341 401 401 258 258
60 330 341 11 10 341 401 401 258 258
60 330 341 11 10 341 401 401 258 258
60 330 341 11 10 341 401 401 258 258
60 330 341 11 10 341 401 401 258 258
60 330 341 11 10 341 401 401 258 258
60 330 341 11 10 341 401 401 258 258
60 330 341 11 10 341 401 401 258 258
60 330 341 11 10 341 401 401 258 258
60 330 341 11 10 341 401 401 258 258
60 330 341 11 10 341 401 401 258 258
60 330 341 11 10 341 401 401 258 258
60 330 341 11 10 341 401 401 258 258
60 330 341 11 10 341 401 401 258 258
60 330 341 11 10 341 401 401 258 258
60 330 341 11 10 341 401 401 258 258
60 330 341 11 10 341 401 401 258 258
60 330 341 11 10 341 401 401 258 258
60 330 341 11 10 341 401 401 258 258
60 330 341 11 10 341 401 401 258 258
60 330 341 11 10 341 401 401 258 258
60 330 341 11 10 341 401 401 258 258
60 330 341 11 10 341 401 401 258 258
60 330 341 11 10 341 401 401 258 258
60 330 341 11 10 341 401 401 258 258
60 330 341 11 10 341 401 401 258 258
60 330 341 11 10 341 401 401 258 258
60 330 341 11 10 341 401 401 258 258
60 330 341 11 10 341 401 401 258 258
60 330 341 11 10 341 401 401 258 258
60 330 341 11 10 341 401 401 258 258
60 330 341 11 10 341 401 401 258 258
60 330 341 11 10 341 401 401 258 258
60 330 341 11 10 341 401 401 258 258
60 330 341 11 10 341 401 401 258 258
60 330 341 11 10 341 401 401 258 258
60 330 341 11 10 341 401 401 258 258
60 330 341 11 10 341 401 401 258 258
60 330 341 11 10 341 401 401 258 258
60 330 341 11 10 341 401 401 258 258
60 330 341 11 10 341 401 401 258 258
60 330 341 11 10 341 401 401 258 258
60 330 341 11 10 341 401 401 258 258
60 330 341 11 10 341 401 401 258 258
60 330 341 11 10 341 401 401 258 258
60 330 341 11 10 341 401 401 258 258
60 330 341 11 10 341 401 401 258 258
60 330 341 11 10 341 401 401 258 258
60 330 341 11 10 341 401 401 258 258
60 330 341 11 10 341 401 401 258 258
60 330 341 11 10 341 401 401 258 258
60 330 341 11 10 341 401 401 258 258
60 330 341 11 10 341 401 401 258 258
60 330 341 11 10 341 401 401 258 258
60 330 341 11 10 341 401 401 258 258
60 330 341 11 10 341 401 401 258 258
60 330 341 11 10 341 401 401 258 258
60 330 341 11 10 341 401 401 258 258
60 330 341 11 10 341 401 401 258 258
60 330 341 11 10 341 401 401 258 258
60 330 341 11 10 341 401 401 258 258
60 330 341 11 10 341 401 401 258 258
60 330 341 11 10 341 401 401 258 258
60 330 341 11 10 341 401 401 258 258
60 330 341 11 10 341 401 401 258 258
60 330 341 11 10 341 401 401 258 258
60 330 341 11 10 341 401 401 258 258
60 330 341 11 10 341 401 401 258 258
60 330 341 11 10 341 401 401 258 258
60 330 341 11 10 341 401 401 258 258
60 330 341 11 10 341 401 401 258 258
60 330 341 11 10 341 401 401 258 258
60 330 341 11 10 341 401 401 258 258
60 330 341 11 10 341 401 401 258 258
60 330 341 11 10 341 401 401 258 258
60 330 341 11 10 341 401 401 258 258
60 330 341 11 10 341 401 401 258 258
60 330 341 11 10 341 401 401 258 258
60 330 341 11 10 341 401 401 258 258
60 330 341 11 10 341 401 401 258 258
60 330 341 11 10 341 401 401 258 258
60 330 341 11 10 341 401 401 258 258
60 330 341 11 10 341 401 401 258 258
60 330 341 11 10 341 401 401 258 258
60 330 341 11 10 341 401 401 258 258
60 330 341 11 10 341 401 401 258 258
60 330 341 11 10 341 401 401 258 258
60 330 341 11 10 341 401 401 258 258
60 330 341 11 10 341 401 401 258 258
60 330 341 11 10 341 401 401 258 258
60 330 341 11 10 341 401 401 258 258
60 330 341 11 10 341 401 401 258 258
60 330 341 11 10 341 401 401 258 258
60 330 341 11 10 341 401 401 258 258
60 330 341 11 10 341 401 401 258 258
60 330 341 11 10 341 401 401 258 258
60 330 341 11 10 341 401 401 258 258
60 330 341 11 10 341 401 401 258 258
60 330 341 11 10 341 401 401 258 258
60 330 341 11 10 341 401 401 258 258
60 330 341 11 10 341 401 401 258 258
60 330 341 11 10 341 401 401 258 258
60 330 341 11 10 341 401 401 258 258
60 330 341 11 10 341 401 401 258 258
60 330 341 11 10 341 401 401 258 258
60 330 341 11 10 341 401 401 258 258
60 330 341 11 10 341 401 401 258 258
60 330 341 11 10 341 401 401 258 258
60 330 341 11 10 341 401 401 258 258
60 330 341 11 10 341 401 401 258 258
60 330 341 11 10 341 401 401 258 258
60 330 341 11 10 341 401 401 258 258
60 330 341 11 10 341 401 401 258 258
60 330 341 11 10 341 401 401 258 258
60 330 341 11 10 341 401 401 258 258
60 330 341 11 10 341 401 401 258 258
60 330 341 11 10 341 401 401 258 258
60 330 341 11 10 341 401 401 258 258
60 330 341 11 10 341 401 401 258 258
60 330 341 11 10 341 401 401 258 258
60 330 341 11 10 341 401 401 258 258
60 330 341 11 10 341 401 401 258 258
60 330 341 11 10 341 401 401 258 258
60 330 341 11 10 341 401 401 258 258
60 330 341 11 10 341 401 401 258 258
60 330 341 11 10 341 401 401 258 258
60 330 341 11 10 341 401 401 258 258
60 330 341 11 10 341 401 401 258 258
60 330 341 11 10 341 401 401 258 258
60 330 341 11 10 341 401 401 258 258
60 330 341 11 10 341 401 401 258 258
60 330 341 11 10 341 401 401 258 258
60 330 341 11 10 341 401 401 258 258
60 330 341 11 10 341 401 401 258 258
60 330 341 11 10 341 401 401 258 258
60 330 341 11 10 341 401 401 258 258
60 330 341 11 10 341 401 401 258 258
60 330 341 11 10 341 401 401 258 258
60 330 341 11 10 341 401 401 258 258
60 330 341 11 10 341 401 401 258 258
60 330 341 11 10 341 401 401 258 258
60 330 341 11 10 341 401 401 258 258
60 330 341 11 10 341 401 401 258 258
60 330 341 11 10 341 401 401 258 258
60 330 341 11 10 341 401 401 258 258
60 330 341 11 10 341 401 401 258 258
60 330 341 11 10 341 401 401 258 258
60 330 341 11 10 341 401 401 258 258
60 330 341 11 10 341 401 401 258 258
60 330 341 11 10 341 401 401 258 258
60 330 341 11 10 341 401 401 258 258
60 330 341 11 10 341 401 401 258 258
60 330 341 11 10 341 401 401 258 258
60 330 341 11 10 341 401 401 258 258
60 330 341 11 10 341 401 401 258 258
60 330 341 11 10 341 401 401 258 258
60 330 341 11 10 341 401 401 258 258
60 330 341 11 10 341 401 401 258 258
60 330 341 11 10 341 401 401 258 258
60 330 341 11 10 341 401 401 258 258
60 330 341 11 10 341 401 401 258 258
60 330 341 11 10 341 401 401 258 258
60 330 341 11 10 341 401 401 258 258
60 330 341 11 10 341 401 401 258 258
60 330 341 11 10 341 401 401 258 258
60 330 341 11 10 341 401 401 258 258
60 330 341 11 10 341 401 401 258 258
60 330 341 11 10 341 401 401 258 258
60 330 341 11 10 341 401 401 258 258
60 330 341 11 10 341 401 401 258 258
60 330 341 11 10 341 401 401 258 258
60 330 341 11 10 341 401 401 258 258
60 330 341 11 10 341 401 401 258 258
60 330 341 11 10 341 401 401 258 258
60 330 341 11 10 341 401 401 258 258
60 330 341 11 10 341 401 401 258 258
60 330 341 11 10 341 401 401 258 258
60 330 341 11 10 341 401 401 258 258
60 330 341 11 10 341 401 401 258 258
60 330 341 11 10 341 401 401 258 258
60 330 341 11 10 341 401 401 258 258
60 330 341 11 10 341 401 401 258 258
60 330 341 11 10 341 401 401 258 258
60 330 341 11 10 341 401 401 258 258
890 330 1171 841 841 1171 401 401 258 258
880 330 1161 831 831 1161 401 401 258 258
870 330 1151 821 821 1151 401 401 258 258
860 330 1141 811 811 1141 401 401 258 258
850 330 1131 801 801 1131 401 401 258 258
840 330 1121 791 791 1121 401 401 258 258
830 330 1111 781 781 1111 401 401 258 258
820 330 1101 771 771 1101 401 401 258 258
810 330 1091 761 761 1091 401 401 258 258
800 330 1081 751 751 1081 401 401 258 258
790 330 1071 741 741 1071 401 401 258 258
780 330 1061 731 731 1061 401 401 258 258
770 330 1051 721 721 1051 401 401 258 258
760 330 1041 711 711 1041 401 401 258 258
750 330 1031 701 701 1031 401 401 258 258
740 330 1021 691 691 1021 401 401 258 258
730 330 1011 681 681 1011 401 401 258 258
720 330 1001 671 671 1001 401 401 258 258
710 330 991 661 661 991 401 401 258 258
700 330 981 651 651 981 401 401 258 258
690 330 971 641 641 971 401 401 258 258
680 330 961 631 631 961 401 401 258 258
670 330 951 621 621 951 401 401 258 258
660 330 941 611 611 941 401 401 258 258
650 330 931 601 601 931 401 401 258 258
640 330 921 591 591 921 401 401 258 258
630 330 911 581 581 911 401 401 258 258
620 330 901 571 571 901 401 401 258 258
610 330 891 561 561 891 401 401 258 258
600 330 881 551 551 881 401 401 258 258
590 330 871 541 541 871 401 401 258 258
580 330 861 531 531 861 401 401 258 258
570 330 851 521 521 851 401 401 258 258
560 330 841 511 511 841 401 401 258 258
550 330 831 501 501 831 401 401 258 258
540 330 821 491 491 821 401 401 258 258
530 330 811 481 481 811 401 401 258 258
520 330 801 471 471 801 401 401 258 258
510 330 791 461 461 791 401 401 258 258
500 330 781 451 451 781 401 401 258 258
490 330 771 441 441 771 401 401 258 258
480 330 761 431 431 761 401 401 258 258
470 330 751 421 421 751 401 401 258 258
460 330 741 411 411 741 401 401 258 258
450 330 731 401 401 731 401 401 258 258
440 330 721 391 391 721 401 401 258 258
430 330 711 381 381 711 401 401 258 258
420 330 701 371 371 701 401 401 258 258
410 330 691 361 361 691 401 401 258 258
400 330 681 351 351 681 401 401 258 258
390 330 671 341 341 671 401 401 258 258
380 330 661 331 331 661 401 401 258 258
890 330 1171 841 841 1171 401 401 258 258
880 330 1161 831 831 1161 401 401 258 258
870 330 1151 821 821 1151 401 401 258 258
860 330 1141 811 811 1141 401 401 258 258
850 330 1131 801 801 1131 401 401 258 258
840 330 1121 791 791 1121 401 401 258 258
830 330 1111 781 781 1111 401 401 258 258
820 330 1101 771 771 1101 401 401 258 258
810 330 1091 761 761 1091 401 401 258 258
800 330 1081 751 751 1081 401 401 258 258
790 330 1071 741 741 1071 401 401 258 258
780 330 1061 731 731 1061 401 401 258 258
770 330 1051 721 721 1051 401 401 258 258
760 330 1041 711 711 1041 401 401 258 258
750 330 1031 701 701 1031 401 401 258 258
740 330 1021 691 691 1021 401 401 258 258
730 330 1011 681 681 1011 401 401 258 258
720 330 1001 671 671 1001 401 401 258 258
710 330 991 661 661 991 401 401 258 258
700 330 981 651 651 981 401 401 258 258
690 330 971 641 641 971 401 401 258 258
680 330 961 631 631 961 401 401 258 258
670 330 951 621 621 951 401 401 258 258
660 330 941 611 611 941 401 401 258 258
650 330 931 601 601 931 401 401 258 258
640 330 921 591 591 921 401 401 258 258
630 330 911 581 581 911 401 401 258 258
620 330 901 571 571 901 401 401 258 258
610 330 891 561 561 891 401 401 258 258
600 330 881 551 551 881 401 401 258 258
590 330 871 541 541 871 401 401 258 258
580 330 861 531 531 861 401 401 258 258
570 330 851 521 521 851 401 401 258 258
890 330 1171 841 841 1171 401 401 258 258
880 330 1161 831 831 1161 401 401 258 258
870 330 1151 821 821 1151 401 401 258 258
860 330 1141 811 811 1141 401 401 258 258
850 330 1131 801 801 1131 401 401 258 258
840 330 1121 791 791 1121 401 401 258 258
830 330 1111 781 781 1111 401 401 258 258
820 330 1101 771 771 1101 401 401 258 258
810 330 1091 761 761 1091 401 401 258 258
800 330 1081 751 751 1081 401 401 258 258
790 330 1071 741 741 1071 401 401 258 258
780 330 1061 731 731 1061 401 401 258 258
770 330 1051 721 721 1051 401 401 258 258
760 330 1041 711 711 1041 401 401 258 258
750 330 1031 701 701 1031 401 401 258 258
740 330 1021 691 691 1021 401 401 258 258
730 330 1011 681 681 1011 401 401 258 258
720 330 1001 671 671 1001 401 401 258 258
710 330 991 661 661 991 401 401 258 258
700 330 981 651 651 981 401 401 258 258
690 330 971 641 641 971 401 401 258 258
680 330 961 631 631 961 401 401 258 258
670 330 951 621 621 951 401 401 258 258
660 330 941 611 611 941 401 401 258 258
650 330 931 601 601 931 401 401 258 258
640 330 921 591 591 921 401 401 258 258
630 330 911 581 581 911 401 401 258 258
620 330 901 571 571 901 401 401 258 258
610 330 891 561 561 891 401 401 258 258
600 330 881 551 551 881 401 401 258 258
590 330 871 541 541 871 401 401 258 258
890 330 1171 841 841 1171 401 401 258 258
880 330 1161 831 831 1161 401 401 258 258
870 330 1151 821 821 1151 401 401 258 258
860 330 1141 811 811 1141 401 401 258 258
890 330 1171 841 841 1171 401 401 258 258
880 330 1161 831 831 1161 401 401 258 258
870 330 1151 821 821 1151 401 401 258 258
860 330 1141 811 811 1141 401 401 258 258
850 330 1131 801 801 1131 401 401 258 258
840 330 1121 791 791 1121 401 401 258 258
830 330 1111 781 781 1111 401 401 258 258
820 330 1101 771 771 1101 401 401 258 258
810 330 1091 761 761 1091 401 401 258 258
800 330 1081 751 751 1081 401 401 258 258
910 330 1191 861 861 1191 401 401 258 258
920 330 1201 871 871 1201 401 401 258 258
930 330 1211 881 881 1211 401 401 258 258
890 330 1171 841 841 1171 401 401 258 258
880 330 1161 831 831 1161 401 401 258 258
870 330 1151 821 821 1151 401 401 258 258
860 330 1141 811 811 1141 401 401 258 258
850 330 1131 801 801 1131 401 401 258 258
840 330 1121 791 791 1121 401 401 258 258
830 330 1111 781 781 1111 401 401 258 258
820 330 1101 771 771 1101 401 401 258 258
810 330 1091 761 761 1091 401 401 258 258
800 330 1081 751 751 1081 401 401 258 258
790 330 1071 741 741 1071 401 401 258 258
780 330 1061 731 731 1061 401 401 258 258
770 330 1051 721 721 1051 401 401 258 258
760 330 1041 711 711 1041 401 401 258 258
750 330 1031 701 701 1031 401 401 258 258
740 330 1021 691 691 1021 401 401 258 258
730 330 1011 681 681 1011 401 401 258 258
720 330 1001 671 671 1001 401 401 258 258
710 330 991 661 661 991 401 401 258 258
700 330 981 651 651 981 401 401 258 258
690 330 971 641 641 971 401 401 258 258
680 330 961 631 631 961 401 401 258 258
670 330 951 621 621 951 401 401 258 258
660 330 941 611 611 941 401 401 258 258
650 330 931 601 601 931 401 401 258 258
640 330 921 591 591 921 401 401 258 258
630 330 911 581 581 911 401 401 258 258
620 330 901 571 571 901 401 401 258 258
610 330 891 561 561 891 401 401 258 258
600 330 881 551 551 881 401 401 258 258
590 330 871 541 541 871 401 401 258 258
580 330 861 531 530 860 399 401 258 256
570 330 851 522 520 849 397 402 259 254
560 330 842 512 509 839 395 402 259 252
550 330 832 502 499 829 395 402 259 252
540 330 822 492 489 819 395 402 259 252
530 330 812 482 479 809 395 402 259 252
520 330 802 472 469 799 395 402 259 252
510 330 792 462 459 789 395 402 259 252
500 330 782 452 449 779 395 402 259 252
490 330 772 442 439 769 395 402 259 252
480 330 762 432 429 759 395 402 259 252
470 330 752 422 419 749 395 402 259 252
460 330 742 412 409 739 395 402 259 252
450 330 732 402 399 729 395 402 259 252
440 330 722 392 389 719 395 402 259 252
430 330 712 382 379 709 395 402 259 252
420 330 702 372 369 699 395 402 259 252
410 330 692 362 359 689 395 402 259 252
400 330 682 352 349 679 395 402 259 252
390 330 672 342 339 669 395 402 259 252
380 330 662 332 329 659 395 402 259 252
370 330 652 322 319 649 395 402 259 252
360 330 642 312 309 639 395 402 259 252
350 330 632 302 299 629 395 402 259 252
340 330 622 292 289 619 395 402 259 252
330 330 612 282 279 609 395 402 259 252
320 330 602 272 269 599 395 402 259 252
310 330 592 262 259 589 395 402 259 252
300 330 582 252 249 579 395 402 259 252
290 330 572 242 239 569 395 402 259 252
280 330 562 232 229 559 395 402 259 252
270 330 552 222 219 549 395 402 259 252
260 330 542 212 209 539 395 402 259 252
250 330 532 202 199 529 395 402 259 252
240 330 522 192 189 519 395 402 259 252
230 330 512 182 179 509 395 402 259 252
220 330 502 172 169 499 395 402 259 252
210 330 492 162 159 489 395 402 259 252
200 330 482 152 149 479 395 402 259 252
190 330 472 142 139 469 395 402 259 252
180 330 462 132 129 459 395 402 259 252
170 330 452 122 119 449 395 402 259 252
890 330 1171 841 841 1171 401 401 258 258
880 330 1161 831 831 1161 401 401 258 258
870 330 1151 821 821 1151 401 401 258 258
860 330 1141 811 811 1141 401 401 258 258
850 330 1131 801 801 1131 401 401 258 258
840 330 1121 791 791 1121 401 401 258 258
830 330 1111 781 781 1111 401 401 258 258
820 330 1101 771 771 1101 401 401 258 258
810 330 1091 761 761 1091 401 401 258 258
800 330 1081 751 751 1081 401 401 258 258
790 330 1071 741 741 1071 401 401 258 258
780 330 1061 731 731 1061 401 401 258 258
770 330 1051 721 721 1051 401 401 258 258
760 330 1041 711 711 1041 401 401 258 258
750 330 1031 701 701 1031 401 401 258 258
740 330 1021 691 691 1021 401 401 258 258
730 330 1011 681 681 1011 401 401 258 258
720 330 1001 671 671 1001 401 401 258 258
710 330 991 661 661 991 401 401 258 258
700 330 981 651 651 981 401 401 258 258
690 330 971 641 641 971 401 401 258 258
680 330 961 631 631 961 401 401 258 258
670 330 951 621 621 951 401 401 258 258
660 330 941 611 611 941 401 401 258 258
650 330 931 601 601 931 401 401 258 258
640 330 921 591 591 921 401 401 258 258
630 330 911 581 581 911 401 401 258 258
620 330 901 571 571 901 401 401 258 258
610 330 891 561 561 891 401 401 258 258
600 330 881 551 551 881 401 401 258 258
590 330 871 541 541 871 401 401 258 258
580 330 861 531 530 860 399 401 258 256
570 330 853 523 518 848 391 403 260 248
560 330 846 517 504 833 376 405 263 233
550 331 836 507 494 823 377 406 264 234
540 332 826 497 484 813 378 407 265 235
530 333 816 487 474 803 379 408 266 236
520 334 806 477 464 793 380 409 267 237
510 335 796 467 454 783 381 410 268 238
500 336 786 457 444 773 382 411 269 239
490 337 776 447 434 763 383 412 270 240
480 338 766 437 424 753 384 413 271 241
470 339 756 427 414 743 385 414 272 242
460 340 746 417 404 733 386 415 273 243
450 341 736 407 394 723 387 416 274 244
440 342 726 397 384 713 388 417 275 245
430 343 716 387 374 703 389 418 276 246
420 344 706 377 364 693 390 419 277 247
420 344 706 377 364 693 390 419 277 247
420 344 706 377 364 693 390 419 277 247
420 344 706 377 364 693 390 419 277 247
420 344 706 377 364 693 390 419 277 247
420 344 706 377 364 693 390 419 277 247
420 344 706 377 364 693 390 419 277 247
420 344 706 377 364 693 390 419 277 247
420 344 706 377 364 693 390 419 277 247
420 344 706 377 364 693 390 419 277 247
420 344 706 377 364 693 390 419 277 247
420 344 706 377 364 693 390 419 277 247
420 344 706 377 364 693 390 419 277 247
420 344 706 377 364 693 390 419 277 247
420 344 706 377 364 693 390 419 277 247
420 344 706 377 364 693 390 419 277 247
420 344 706 377 364 693 390 419 277 247
420 344 706 377 364 693 390 419 277 247
420 344 706 377 364 693 390 419 277 247
420 344 706 377 364 693 390 419 277 247
420 344 706 377 364 693 390 419 277 247
420 344 706 377 364 693 390 419 277 247
420 344 706 377 364 693 390 419 277 247
420 344 706 377 364 693 390 419 277 247
420 344 706 377 364 693 390 419 277 247
420 344 706 377 364 693 390 419 277 247
890 330 1171 841 841 1171 401 401 258 258
880 330 1161 831 831 1161 401 401 258 258
870 330 1151 821 821 1151 401 401 258 258
860 330 1141 811 811 1141 401 401 258 258
850 330 1131 801 801 1131 401 401 258 258
840 330 1121 791 791 1121 401 401 258 258
830 330 1111 781 781 1111 401 401 258 258
820 330 1101 771 771 1101 401 401 258 258
810 330 1091 761 761 1091 401 401 258 258
800 330 1081 751 751 1081 401 401 258 258
790 330 1071 741 741 1071 401 401 258 258
780 330 1061 731 731 1061 401 401 258 258
770 330 1051 721 721 1051 401 401 258 258
760 330 1041 711 711 1041 401 401 258 258
750 330 1031 701 701 1031 401 401 258 258
740 330 1021 691 691 1021 401 401 258 258
730 330 1011 681 681 1011 401 401 258 258
720 330 1001 671 671 1001 401 401 258 258
710 330 991 661 661 991 401 401 258 258
700 330 981 651 651 981 401 401 258 258
690 330 971 641 641 971 401 401 258 258
680 330 961 631 631 961 401 401 258 258
670 330 951 621 621 951 401 401 258 258
660 330 941 611 611 941 401 401 258 258
650 330 931 601 601 931 401 401 258 258
640 330 921 591 591 921 401 401 258 258
630 330 911 581 581 911 401 401 258 258
620 330 901 571 571 901 401 401 258 258
610 330 891 561 561 891 401 401 258 258
600 330 881 551 551 881 401 401 258 258
590 330 871 541 541 871 401 401 258 258
580 330 861 531 530 860 399 401 258 256
570 330 851 522 520 849 397 402 259 254
560 330 842 512 509 839 395 402 259 252
550 330 832 502 499 829 395 402 259 252
540 330 822 492 489 819 395 402 259 252
530 330 812 482 479 809 395 402 259 252
520 330 802 472 469 799 395 402 259 252
510 330 792 462 459 789 395 402 259 252
500 330 782 452 449 779 395 402 259 252
490 330 772 442 439 769 395 402 259 252
480 330 762 432 429 759 395 402 259 252
470 330 752 422 419 749 395 402 259 252
460 330 742 412 409 739 395 402 259 252
450 330 732 402 399 729 395 402 259 252
440 330 722 392 389 719 395 402 259 252
430 330 712 382 379 709 395 402 259 252
420 330 702 372 369 699 395 402 259 252
410 330 692 362 359 689 395 402 259 252
400 330 682 352 349 679 395 402 259 252
390 330 672 342 339 669 395 402 259 252
380 330 662 332 329 659 395 402 259 252
370 330 652 322 319 649 395 402 259 252
360 330 642 312 309 639 395 402 259 252
350 330 632 302 299 629 395 402 259 252
340 330 622 292 289 619 395 402 259 252
330 330 612 282 279 609 395 402 259 252
320 330 602 272 269 599 395 402 259 252
310 330 592 262 259 589 395 402 259 252
300 330 582 252 249 579 395 402 259 252
290 330 572 242 239 569 395 402 259 252
280 330 562 232 229 559 395 402 259 252
270 330 552 222 219 549 395 402 259 252
260 330 542 212 209 539 395 402 259 252
250 330 532 202 199 529 395 402 259 252
240 330 522 192 189 519 395 402 259 252
230 330 512 182 179 509 395 402 259 252
220 330 502 172 169 499 395 402 259 252
210 330 492 162 159 489 395 402 259 252
200 330 482 152 149 479 395 402 259 252
190 330 472 142 139 469 395 402 259 252
180 330 462 132 129 459 395 402 259 252
170 330 452 122 119 449 395 402 259 252
160 330 442 112 109 439 395 402 259 252
890 330 1171 841 841 1171 401 401 258 258
880 330 1161 831 831 1161 401 401 258 258
870 330 1151 821 821 1151 401 401 258 258
860 330 1141 811 811 1141 401 401 258 258
850 330 1131 801 801 1131 401 401 258 258
840 330 1121 791 791 1121 401 401 258 258
830 330 1111 781 781 1111 401 401 258 258
820 330 1101 771 771 1101 401 401 258 258
810 330 1091 761 761 1091 401 401 258 258
800 330 1081 751 751 1081 401 401 258 258
790 330 1071 741 741 1071 401 401 258 258
780 330 1061 731 731 1061 401 401 258 258
770 330 1051 721 721 1051 401 401 258 258
760 330 1041 711 711 1041 401 401 258 258
750 330 1031 701 701 1031 401 401 258 258
740 330 1021 691 691 1021 401 401 258 258
730 330 1011 681 681 1011 401 401 258 258
720 330 1001 671 671 1001 401 401 258 258
710 330 991 661 661 991 401 401 258 258
700 330 981 651 651 981 401 401 258 258
690 330 971 641 641 971 401 401 258 258
680 330 961 631 631 961 401 401 258 258
670 330 951 621 621 951 401 401 258 258
660 330 941 611 611 941 401 401 258 258
650 330 931 601 601 931 401 401 258 258
640 330 921 591 591 921 401 401 258 258
630 330 911 581 581 911 401 401 258 258
620 330 901 571 571 901 401 401 258 258
610 330 891 561 561 891 401 401 258 258
600 330 881 551 551 881 401 401 258 258
590 330 872 543 538 868 393 402 259 250
580 330 864 535 526 856 384 404 261 242
570 331 856 527 514 843 377 406 264 234
560 332 847 519 502 830 369 408 266 227
550 333 838 512 491 817 362 410 269 220
540 334 828 502 481 807 363 411 270 221
530 335 818 492 471 797 364 412 271 222
520 336 808 482 461 787 365 413 272 223
510 337 798 472 451 777 366 414 273 224
500 338 788 462 441 767 367 415 274 225
490 339 778 452 431 757 368 416 275 226
480 340 768 442 421 747 369 417 276 227
470 341 758 432 411 737 370 418 277 228
460 342 748 422 401 727 371 419 278 229
460 342 748 422 401 727 371 419 278 229
460 342 748 422 401 727 371 419 278 229
460 342 748 422 401 727 371 419 278 229
460 342 748 422 401 727 371 419 278 229
460 342 748 422 401 727 371 419 278 229
460 342 748 422 401 727 371 419 278 229
460 342 748 422 401 727 371 419 278 229
460 342 748 422 401 727 371 419 278 229
460 342 748 422 401 727 371 419 278 229
460 342 748 422 401 727 371 419 278 229
460 342 748 422 401 727 371 419 278 229
460 342 748 422 401 727 371 419 278 229
460 342 748 422 401 727 371 419 278 229
460 342 748 422 401 727 371 419 278 229
460 342 748 422 401 727 371 419 278 229
460 342 748 422 401 727 371 419 278 229
460 342 748 422 401 727 371 419 278 229
460 342 748 422 401 727 371 419 278 229
460 342 748 422 401 727 371 419 278 229
460 342 748 422 401 727 371 419 278 229
460 342 748 422 401 727 371 419 278 229
460 342 748 422 401 727 371 419 278 229
460 342 748 422 401 727 371 419 278 229
460 342 748 422 401 727 371 419 278 229
460 342 748 422 401 727 371 419 278 229
460 342 748 422 401 727 371 419 278 229
460 342 748 422 401 727 371 419 278 229
460 342 748 422 401 727 371 419 278 229
460 342 748 422 401 727 371 419 278 229
460 342 748 422 401 727 371 419 278 229
460 342 748 422 401 727 371 419 278 229
460 342 748 422 401 727 371 419 278 229
460 342 748 422 401 727 371 419 278 229
460 342 748 422 401 727 371 419 278 229
460 342 748 422 401 727 371 419 278 229
460 342 748 422 401 727 371 419 278 229
460 342 748 422 401 727 371 419 278 229
460 342 748 422 401 727 371 419 278 229
460 342 748 422 401 727 371 419 278 229
460 342 748 422 401 727 371 419 278 229
460 342 748 422 401 727 371 419 278 229
460 342 748 422 401 727 371 419 278 229
460 342 748 422 401 727 371 419 278 229
460 342 748 422 401 727 371 419 278 229
460 342 748 422 401 727 371 419 278 229
460 342 748 422 401 727 371 419 278 229
460 342 748 422 401 727 371 419 278 229
460 342 748 422 401 727 371 419 278 229
460 342 748 422 401 727 371 419 278 229
460 342 748 422 401 727 371 419 278 229
460 342 748 422 401 727 371 419 278 229
460 342 748 422 401 727 371 419 278 229
460 342 748 422 401 727 371 419 278 229
460 342 748 422 401 727 371 419 278 229
460 342 748 422 401 727 371 419 278 229
460 342 748 422 401 727 371 419 278 229
460 342 748 422 401 727 371 419 278 229
460 342 748 422 401 727 371 419 278 229
460 342 748 422 401 727 371 419 278 229
890 330 1171 841 841 1171 401 401 258 258
880 330 1161 831 831 1161 401 401 258 258
870 330 1151 821 821 1151 401 401 258 258
860 330 1141 811 811 1141 401 401 258 258
850 330 1131 801 801 1131 401 401 258 258
840 330 1121 791 791 1121 401 401 258 258
830 330 1111 781 781 1111 401 401 258 258
820 330 1101 771 771 1101 401 401 258 258
810 330 1091 761 761 1091 401 401 258 258
800 330 1081 751 751 1081 401 401 258 258
790 330 1071 741 741 1071 401 401 258 258
780 330 1061 731 731 1061 401 401 258 258
770 330 1051 721 721 1051 401 401 258 258
760 330 1041 711 711 1041 401 401 258 258
750 330 1031 701 701 1031 401 401 258 258
740 330 1021 691 691 1021 401 401 258 258
730 330 1011 681 681 1011 401 401 258 258
720 330 1001 671 671 1001 401 401 258 258
710 330 991 661 661 991 401 401 258 258
700 330 981 651 651 981 401 401 258 258
690 330 971 641 641 971 401 401 258 258
680 330 961 631 631 961 401 401 258 258
670 330 951 621 621 951 401 401 258 258
660 330 941 611 611 941 401 401 258 258
650 330 931 601 601 931 401 401 258 258
640 330 921 591 591 921 401 401 258 258
630 330 911 581 581 911 401 401 258 258
620 330 901 571 571 901 401 401 258 258
610 330 891 561 561 891 401 401 258 258
600 330 881 551 551 881 401 401 258 258
590 330 872 543 538 868 393 402 259 250
580 330 864 535 526 856 384 404 261 242
570 331 856 527 514 843 377 406 264 234
560 332 847 519 502 830 369 408 266 227
550 333 838 512 491 817 362 410 269 220
540 334 828 502 481 807 363 411 270 221
530 335 818 492 471 797 364 412 271 222
520 336 808 482 461 787 365 413 272 223
510 337 798 472 451 777 366 414 273 224
500 338 788 462 441 767 367 415 274 225
490 339 778 452 431 757 368 416 275 226
480 340 768 442 421 747 369 417 276 227
470 341 758 432 411 737 370 418 277 228
460 342 748 422 401 727 371 419 278 229
460 342 748 422 401 727 371 419 278 229
460 342 748 422 401 727 371 419 278 229
460 342 748 422 401 727 371 419 278 229
460 342 748 422 401 727 371 419 278 229
460 342 748 422 401 727 371 419 278 229
460 342 748 422 401 727 371 419 278 229
460 342 748 422 401 727 371 419 278 229
460 342 748 422 401 727 371 419 278 229
460 342 748 422 401 727 371 419 278 229
460 342 748 422 401 727 371 419 278 229
460 342 748 422 401 727 371 419 278 229
460 342 748 422 401 727 371 419 278 229
460 342 748 422 401 727 371 419 278 229
460 342 748 422 401 727 371 419 278 229
460 342 748 422 401 727 371 419 278 229
460 342 748 422 401 727 371 419 278 229
460 342 748 422 401 727 371 419 278 229
460 342 748 422 401 727 371 419 278 229
460 342 748 422 401 727 371 419 278 229
460 342 748 422 401 727 371 419 278 229
460 342 748 422 401 727 371 419 278 229
460 342 748 422 401 727 371 419 278 229
460 342 748 422 401 727 371 419 278 229
460 342 748 422 401 727 371 419 278 229
460 342 748 422 401 727 371 419 278 229
460 342 748 422 401 727 371 419 278 229
460 342 748 422 401 727 371 419 278 229
460 342 748 422 401 727 371 419 278 229
460 342 748 422 401 727 371 419 278 229
